[gd_scene load_steps=10 format=2]

[ext_resource path="res://garden.tres" type="Environment" id=1]
[ext_resource path="res://src/Player/Player.tscn" type="PackedScene" id=2]
[ext_resource path="res://assets/theme/fonts/default_font_mockup_label.tres" type="DynamicFont" id=3]
[ext_resource path="res://assets/materials/soil_wavy.tres" type="Material" id=4]
[ext_resource path="res://assets/materials/Gold.tres" type="Material" id=5]
[ext_resource path="res://assets/materials/soil_crumbled.tres" type="Material" id=6]

[sub_resource type="SpatialMaterial" id=1]
albedo_color = Color( 0.176471, 0.45098, 0.301961, 1 )
metallic_specular = 0.0

[sub_resource type="SphereMesh" id=2]

[sub_resource type="SphereShape" id=3]

[node name="Spatial" type="Spatial"]

[node name="WorldEnvironment" type="WorldEnvironment" parent="."]
environment = ExtResource( 1 )

[node name="Player" parent="." instance=ExtResource( 2 )]
transform = Transform( 1, 0, 0, 0, 1, 0, 0, 0, 1, -0.020766, 0.100745, -2.16998 )

[node name="DirectionalLight" type="DirectionalLight" parent="."]
transform = Transform( -4.37114e-08, -0.707107, 0.707107, 0, 0.707107, 0.707107, -1, 3.09086e-08, -3.09086e-08, 0, 3.85152, 0 )
shadow_enabled = true

[node name="CSGCombiner" type="CSGCombiner" parent="."]
material_override = ExtResource( 4 )
use_collision = true
collision_layer = 3
collision_mask = 0

[node name="CSGBox3" type="CSGBox" parent="CSGCombiner"]
transform = Transform( 1, 0, 0, 0, 1, 0, 0, 0, 1, 0, 2.28705, -45.1941 )
width = 96.2949
height = 9.503
depth = 62.5998

[node name="CSGBox5" type="CSGBox" parent="CSGCombiner"]
transform = Transform( 1, 0, 0, 0, 1, 0, 0, 0, 1, 0, -1.79382, -6.45607 )
use_collision = true
width = 18.4926
height = 43.5011
depth = 18.8154

[node name="CSGBox4" type="CSGBox" parent="CSGCombiner"]
transform = Transform( 1, 0, 0, 0, 1, 0, 0, 0, 1, 0.173475, 19.5323, -16.3191 )
operation = 2
width = 13.5775
height = 31.002
depth = 20.4334

[node name="CSGBox" type="CSGBox" parent="CSGCombiner"]
transform = Transform( 1, 0, 0, 0, 1, 0, 0, 0, 1, 0, 15.4405, -6.45607 )
operation = 2
use_collision = true
width = 13.2418
height = 30.7574
depth = 14.4577

[node name="CSGBox2" type="CSGBox" parent="CSGCombiner"]
transform = Transform( 1, 0, 0, 0, 1, 0, 0, 0, 1, 0, 0, -8.68576 )
width = 4.0
height = 4.0
depth = 4.0

[node name="EnemiesDent" type="CSGBox" parent="CSGCombiner"]
transform = Transform( 0.95982, 0, 0.280616, 0, 1, 0, -0.280616, 0, 0.95982, 2.39502, 7.33468, -60.3037 )
operation = 2
width = 17.7152
height = 3.56334
depth = 9.0978

[node name="CSGCombiner" type="CSGCombiner" parent="CSGCombiner"]
material_override = ExtResource( 6 )
use_collision = true
collision_layer = 3
collision_mask = 0

[node name="CSGBox3" type="CSGBox" parent="CSGCombiner/CSGCombiner"]
transform = Transform( 1, 0, 0, 0, 1, 0, 0, 0, 1, 0, 2.28705, -45.1941 )
width = 96.2949
height = 9.503
depth = 62.5998

[node name="CSGBox5" type="CSGBox" parent="CSGCombiner/CSGCombiner"]
transform = Transform( 1, 0, 0, 0, 1, 0, 0, 0, 1, 0, -1.79382, -6.45607 )
use_collision = true
width = 18.4926
height = 43.5011
depth = 18.8154

[node name="CSGBox4" type="CSGBox" parent="CSGCombiner/CSGCombiner"]
transform = Transform( 1, 0, 0, 0, 1, 0, 0, 0, 1, 0.173475, 19.5323, -16.3191 )
operation = 2
width = 13.5775
height = 31.002
depth = 20.4334

[node name="CSGBox" type="CSGBox" parent="CSGCombiner/CSGCombiner"]
transform = Transform( 1, 0, 0, 0, 1, 0, 0, 0, 1, 0, 15.4405, -6.45607 )
operation = 2
use_collision = true
width = 13.2418
height = 30.7574
depth = 14.4577

[node name="CSGBox2" type="CSGBox" parent="CSGCombiner/CSGCombiner"]
transform = Transform( 1, 0, 0, 0, 1, 0, 0, 0, 1, 0, 0, -8.68576 )
width = 4.0
height = 4.0
depth = 4.0

[node name="EnemiesDent" type="CSGBox" parent="CSGCombiner/CSGCombiner"]
transform = Transform( 0.95982, 0, 0.280616, 0, 1, 0, -0.280616, 0, 0.95982, 2.39502, 7.33468, -60.3037 )
operation = 2
width = 17.7152
height = 3.56334
depth = 9.0978

[node name="Label3D" type="Label3D" parent="."]
transform = Transform( 1, 0, 0, 0, 1, 0, 0, 0, 1, 0, 6.83189, -18.2622 )
pixel_size = 0.04
text = "Basic beelining enemies here"
font = ExtResource( 3 )

[node name="Label3D3" type="Label3D" parent="."]
transform = Transform( 1, 0, 0, 0, 1, 0, 0, 0, 1, 0, 1.3227, -5.16277 )
pixel_size = 0.04
text = "Spawn"
font = ExtResource( 3 )

[node name="Label3D2" type="Label3D" parent="."]
transform = Transform( 1, 0, 0, 0, 1, 0, 0, 0, 1, 0, 8.27392, -29.8807 )
pixel_size = 0.04
text = "Use a lush, grassy, garden ground"
font = ExtResource( 3 )

[node name="Label3D4" type="Label3D" parent="."]
transform = Transform( 1, 0, 0, 0, 1, 0, 0, 0, 1, 0.0527859, 11.216, -42.1683 )
pixel_size = 0.04
billboard = 1
text = "Statue in the middle"
font = ExtResource( 3 )

[node name="Label3D5" type="Label3D" parent="."]
transform = Transform( -0.281535, 0.000273693, -0.959551, 0.00138934, 0.999999, -0.000122381, 0.95955, -0.0013676, -0.281536, 25.4074, 13.9117, -39.7151 )
pixel_size = 0.04
text = "A single enemy. The player is forced to jump over the enemy"
font = ExtResource( 3 )

[node name="Hedges" type="CSGCombiner" parent="."]
transform = Transform( 1, 0, 0, 0, 1, 0, 0, 0, 1, 0, 11.5197, -52.7177 )
material_override = SubResource( 1 )
use_collision = true
collision_layer = 3
collision_mask = 0

[node name="CSGCylinder" type="CSGCylinder" parent="Hedges"]
transform = Transform( 1, 0, 0, 0, 1, 0, 0, 0, 1, 0, -4.4908, 8.81133 )
radius = 13.9745
height = 12.7554
sides = 16

[node name="CSGCylinder2" type="CSGCylinder" parent="Hedges"]
transform = Transform( 1, 0, 0, 0, 1, 0, 0, 0, 1, 0, -6.45171, 8.81133 )
operation = 2
radius = 6.99753
height = 35.4722
sides = 14

[node name="CSGCylinder3" type="CSGCylinder" parent="Hedges"]
transform = Transform( 1, 0, 0, 0, 1, 0, 0, 0, 1, 0, 3.25638, 8.81133 )
operation = 2
radius = 9.7673
height = 7.46918
sides = 16

[node name="CSGBox" type="CSGBox" parent="Hedges"]
transform = Transform( 1, 0, 0, 0, 1, 0, 0, 0, 1, 0, 0, 18.3722 )
operation = 2
width = 8.37112
height = 10.6747
depth = 10.5306

[node name="CSGCylinder8" type="CSGCylinder" parent="Hedges"]
transform = Transform( 1, 0, 0, 0, 1, 0, 0, 0, 1, 0, -4.68704, 9.76369 )
radius = 4.90889
height = 5.61415

[node name="CSGCylinder4" type="CSGCylinder" parent="Hedges"]
transform = Transform( 1, 0, 0, 0, 1, 0, 0, 0, 1, 16.8109, -2.24652, 6.18994 )
radius = 1.9282
height = 4.97713

[node name="CSGCylinder6" type="CSGCylinder" parent="Hedges"]
transform = Transform( 1, 0, 0, 0, 1, 0, 0, 0, 1, 18.3736, -4.83369, 1.56493 )
radius = 1.9282
height = 8.40726

[node name="CSGCylinder7" type="CSGCylinder" parent="Hedges"]
transform = Transform( 1, 0, 0, 0, 1, 0, 0, 0, 1, 21.6266, -4.83369, 5.67438 )
radius = 1.9282
height = 4.97713

[node name="CSGCylinder5" type="CSGCylinder" parent="Hedges"]
transform = Transform( 1, 0, 0, 0, 1, 0, 0, 0, 1, -11.2661, -4.83369, -1.03169 )
radius = 1.9282
height = 4.97713

[node name="CSGBox2" type="CSGBox" parent="Hedges"]
transform = Transform( -0.344069, 0, 0.938944, 0, 1, 0, -0.938944, 0, -0.344069, 2.74234, -2.37926, -14.5581 )
height = 8.50093
depth = 26.7965

[node name="Label3D3" type="Label3D" parent="Hedges/CSGBox2"]
transform = Transform( -0.937294, 3.1468e-16, -0.348539, 0, 1, 0, 0.348539, 5.35064e-16, -0.937294, 0.0322952, 5.7511, 0.612011 )
pixel_size = 0.04
text = "Falling platforms"
font = ExtResource( 3 )

[node name="Label3D4" type="Label3D" parent="Hedges/CSGBox2"]
transform = Transform( -0.937294, 3.1468e-16, -0.348539, 0, 1, 0, 0.348539, 5.35064e-16, -0.937294, 0.0323029, 0.872809, 0.612009 )
pixel_size = 0.04
text = "Enemies below,
endlessly respawns to 2 at a time

Can get killed by falling platforms"
font = ExtResource( 3 )

[node name="CSGCylinder4" type="CSGCylinder" parent="Hedges/CSGBox2"]
transform = Transform( -4.37114e-08, -1, 0, 1, -4.37114e-08, 0, -1.77636e-15, 0, 1, 0, -1.64919, 0 )
operation = 2
radius = 5.7439
height = 2.59074
sides = 18

[node name="CSGBox" type="CSGBox" parent="Hedges/CSGBox2"]
transform = Transform( -4.37114e-08, -1, 0, 1, -4.37114e-08, 0, -1.77636e-15, 0, 1, 0, 3.53818, 0 )
operation = 2
width = 4.37125
height = 3.08259
depth = 7.20481

[node name="CSGBox2" type="CSGBox" parent="Hedges/CSGBox2"]
transform = Transform( 1, 0, 0, 0, 1, 0, 0, 0, 1, -4.99704, 0, -12.3899 )
width = 11.9694
height = 8.51902

[node name="CSGBox3" type="CSGBox" parent="Hedges"]
transform = Transform( -0.344069, 0, 0.938944, 0, 1, 0, -0.938944, 0, -0.344069, 5.81556, 11.7115, -8.2005 )
height = 8.50093
depth = 26.7965

[node name="CSGCylinder4" type="CSGCylinder" parent="Hedges/CSGBox3"]
transform = Transform( -4.37114e-08, -1, 0, 1, -4.37114e-08, 0, -1.77636e-15, 0, 1, 0, -3.47566, 0 )
operation = 2
radius = 5.7439
height = 2.59074
sides = 18

[node name="CSGBox4" type="CSGBox" parent="Hedges"]
transform = Transform( 0.201796, 0, 0.979428, 0, 1, 0, -0.979428, 0, 0.201796, 24.2418, -2.36583, 12.4226 )
height = 8.50093
depth = 26.7965

[node name="CSGCylinder4" type="CSGCylinder" parent="Hedges/CSGBox4"]
transform = Transform( -4.37114e-08, -1, 0, 1, -4.37114e-08, 0, -3.55271e-15, 0, 1, 0, -3.47566, 0 )
operation = 2
radius = 5.7439
height = 2.59074
sides = 18

[node name="CSGBox5" type="CSGBox" parent="Hedges"]
transform = Transform( -0.444698, 0, 0.895681, 0, 1, 0, -0.895681, 0, -0.444698, -20.2081, -2.36584, 19.2092 )
width = 5.67314
height = 8.50093
depth = 22.9457

[node name="CSGCylinder4" type="CSGCylinder" parent="Hedges/CSGBox5"]
transform = Transform( -4.37114e-08, -1, 0, 1, -4.37114e-08, 0, -3.55271e-15, 0, 1, 0, -3.47566, 0 )
operation = 2
radius = 5.7439
height = 10.4272
sides = 18

[node name="CSGCylinder" type="CSGCylinder" parent="Hedges/CSGBox5"]
transform = Transform( 1, 2.98023e-08, 0, 0, -4.37114e-08, -1, 0, 1, -4.37114e-08, -0.105228, 4.71998, -0.634907 )
operation = 2
radius = 2.1
height = 18.9524

[node name="RigidBody" type="RigidBody" parent="."]
transform = Transform( 2, 0, 0, 0, 2, 0, 0, 0, 2, -14.7953, 14.238, -36.0585 )

[node name="MeshInstance" type="MeshInstance" parent="RigidBody"]
material_override = ExtResource( 5 )
mesh = SubResource( 2 )
skeleton = NodePath("../..")

[node name="CollisionShape" type="CollisionShape" parent="RigidBody"]
shape = SubResource( 3 )
